Initial positions and velocities:
Planet1 1.0 1.0 0.0 0.0 0.0 1.0 0.0
Planet2 1.0 0.0 1.0 0.0 -1.0 0.0 0.0
Planet3 1.0 0.0 0.0 1.0 0.0 0.0 -1.0

Time: 0.0
Planet1 1.0 0.6666666666666667 -0.3333333333333333 -0.3333333333333333 0.3333333333333333 0.6666666666666667 0.3333333333333333
Planet2 1.0 -0.3333333333333333 0.6666666666666667 -0.3333333333333333 -0.6666666666666667 -0.3333333333333333 0.3333333333333333
Planet3 1.0 -0.3333333333333333 -0.3333333333333333 0.6666666666666667 0.3333333333333333 -0.3333333333333333 -0.6666666666666667

Time: 1.0
Planet1 1.0 -5.393749967356402 -3.2236732290544445 -0.7380071795860629 -3.8243548369282645 -29.28414160782385 -7.733278883895031
Planet2 1.0 10.812378860735357 6.454125959315201 1.508985250361833 12.433320298989342 7.544043769249261 1.7505886238341477
Planet3 1.0 -5.418628893378961 -3.230452730260751 -0.7709780707757666 -8.608965462061088 21.740097838574595 5.982690260060889

Time: 2.0
Planet1 1.0 -11.613894495799542 -6.933186461567956 -1.6289723991944782 1.4310125524945536 -6.66896675163645 7.29406922946364
Planet2 1.0 23.191711992403924 13.965837294853275 3.252026152020244 12.346983814515644 7.492280415224902 1.7385110480481631
Planet3 1.0 -11.577817496604393 -7.032650833285305 -1.6230537528257538 -13.777996367010203 -0.8233136635884333 -9.0325802775118

Time: 3.0
Planet1 1.0 -17.799392918355313 -10.681483222129755 -2.5235104776919437 -3.397620704177347 1.7651627888806596 4.614856870361833
Planet2 1.0 35.5237541567919 21.449111428666875 4.988440962505369 12.320807845880697 7.476496472998564 1.7348379333419286
Planet3 1.0 -17.724361238436607 -10.767628206537097 -2.464930484813412 -8.923187141703359 -9.241659261879219 -6.349694803703756

Time: 4.0
Planet1 1.0 -23.955923034010215 -14.44735500466052 -3.4013558413761222 -9.516957257584247 6.241571915920412 -1.1481817740397608
Planet2 1.0 47.83759873180166 28.921401608384823 6.722300838908865 12.308136803719622 7.468840812015028 1.7330579794977767
Planet3 1.0 -23.88167569779146 -14.47404660372427 -3.3209449975327203 -2.7911795461353752 -13.710412727935434 -0.5848762054580052

Time: 5.0
Planet1 1.0 -30.077080880431463 -18.215016464770592 -4.243088729500163 -20.63013207767149 -0.5570180711832908 -17.326026703152948
Planet2 1.0 60.14171119075424 36.38780876296971 8.45479322413038 12.300658463208528 7.464317876884489 1.732006882930405
Planet3 1.0 -30.064630310322798 -18.172792298199084 -4.211704494630181 8.32947361446296 -6.907299805701182 15.594019820222561

Time: 6.0
Planet1 1.0 -36.221974779378435 -21.88786871890445 -5.0814441094149 3.1838496294092717 -14.944939389423956 6.228143771245884
Planet2 1.0 72.43974858173408 43.850540527191086 10.186431599534442 12.29572242057724 7.461330651296124 1.7313128745097872
Planet3 1.0 -36.217773802355666 -21.962671808286583 -5.104987490119493 -15.47957204998651 7.483608738127848 -7.959456645755662

Time: 7.0
Planet1 1.0 -42.39685822059069 -25.60514339379336 -5.976165848650265 -0.8871277902089729 -1.6898318514926955 6.336638440203341
Planet2 1.0 84.73362835888398 51.31075562031348 11.917485345764689 12.292220155018438 7.459210218960847 1.7308203409622842
Planet3 1.0 -42.3367701382933 -25.70561222652005 -5.941319497114364 -11.405092364809454 -5.769378367468133 -8.06745878116562

Time: 8.0
Planet1 1.0 -48.552375226379425 -29.354294926444247 -6.86144856256712 -6.160530082167292 4.392500927974189 2.228468094493993
Planet2 1.0 97.02448239698732 58.76913850726953 13.648113537872531 12.289605974306465 7.457626981970814 1.7304526393897557
Planet3 1.0 -48.4721071706079 -29.414843580825192 -6.7866649753053405 -6.129075892139163 -11.850127909944977 -3.958920733883738

Time: 9.0
Planet1 1.0 -54.68337999088361 -33.119030132483175 -7.7242897914217945 -14.091493089517641 6.622525849740521 -6.600273124816194
Planet2 1.0 109.31303510168956 66.22612746385859 15.378418011738377 12.287579988138258 7.4563996863262165 1.730167634808749
Planet3 1.0 -54.62965511080595 -33.10709733137529 -7.654128220316505 1.8039131013793854 -14.078925536066695 4.870105490007452

Time: 10.0
Planet1 1.0 -60.787464839480585 -36.837462895223965 -8.537706673183358 -3.6681572842030143 -29.217015343772417 -7.613719791002885
Planet2 1.0 121.59977824230455 73.68202012683915 17.108467913323743 12.28596369636194 7.455420392870239 1.7299402409784956
Planet3 1.0 -60.812313402823946 -36.84455723161502 -8.570761240140296 -8.617806412158913 21.76159495090222 5.883779550024396

